-----------------------------117983339220455289611819249521
Content-Disposition: form-data; name="INTERMEDIATE"


-----------------------------117983339220455289611819249521
Content-Disposition: form-data; name="FORMVER"

1.01
-----------------------------117983339220455289611819249521
Content-Disposition: form-data; name="SEARCH"

MIS
-----------------------------117983339220455289611819249521
Content-Disposition: form-data; name="PEAK"

AUTO
-----------------------------117983339220455289611819249521
Content-Disposition: form-data; name="REPTYPE"

peptide
-----------------------------117983339220455289611819249521
Content-Disposition: form-data; name="ErrTolRepeat"

0
-----------------------------117983339220455289611819249521
Content-Disposition: form-data; name="SHOWALLMODS"


-----------------------------117983339220455289611819249521
Content-Disposition: form-data; name="USERNAME"

John Smith
-----------------------------117983339220455289611819249521
Content-Disposition: form-data; name="USEREMAIL"

jtprince@gmail.com
-----------------------------117983339220455289611819249521
Content-Disposition: form-data; name="COM"

Charles from browser try number 2
-----------------------------117983339220455289611819249521
Content-Disposition: form-data; name="DB"

GbetaCCT_drome
-----------------------------117983339220455289611819249521
Content-Disposition: form-data; name="CLE"

Trypsin
-----------------------------117983339220455289611819249521
Content-Disposition: form-data; name="PFA"

1
-----------------------------117983339220455289611819249521
Content-Disposition: form-data; name="QUANTITATION"

None
-----------------------------117983339220455289611819249521
Content-Disposition: form-data; name="TAXONOMY"

All entries
-----------------------------117983339220455289611819249521
Content-Disposition: form-data; name="MODS"

Carbamidomethyl (C)
-----------------------------117983339220455289611819249521
Content-Disposition: form-data; name="IT_MODS"

Oxidation (M)
-----------------------------117983339220455289611819249521
Content-Disposition: form-data; name="TOL"

1.2
-----------------------------117983339220455289611819249521
Content-Disposition: form-data; name="TOLU"

Da
-----------------------------117983339220455289611819249521
Content-Disposition: form-data; name="PEP_ISOTOPE_ERROR"

1
-----------------------------117983339220455289611819249521
Content-Disposition: form-data; name="ITOL"

0.6
-----------------------------117983339220455289611819249521
Content-Disposition: form-data; name="ITOLU"

Da
-----------------------------117983339220455289611819249521
Content-Disposition: form-data; name="CHARGE"

2+
-----------------------------117983339220455289611819249521
Content-Disposition: form-data; name="MASS"

Monoisotopic
-----------------------------117983339220455289611819249521
Content-Disposition: form-data; name="FILE"; filename="two_spectra.mgf"
Content-Type: application/octet-stream

BEGIN IONS
TITLE=1.2745.2745.4
CHARGE=4+
PEPMASS=745.873535 252067.000000
217.17505 2.4
219.22789 145.1
220.17288 21.0
247.20276 241.3
248.31046 26.9
254.18584 3.2
255.44589 5.8
263.25537 4.1
290.36377 3.7
294.64413 6.2
297.13492 2.4
304.51379 2.4
308.05884 1.9
309.42575 1.9
312.32355 3.9
316.43936 3.2
326.38147 11.0
332.79486 2.1
342.18588 4.1
347.42462 3.7
351.36731 35.9
362.36267 276.4
363.39386 33.9
364.31384 13.1
374.55469 3.7
377.24951 2.6
377.98877 5.4
382.20880 3.7
383.53937 4.1
391.15179 4.1
404.37677 3.0
409.33539 3.4
412.27759 7.3
422.57990 4.3
423.47968 4.7
427.41058 12.4
428.39459 21.2
430.44702 4.8
431.24475 4.3
439.11847 2.8
441.56067 6.5
453.35468 2.6
459.36530 13.1
460.31506 5.1
463.61963 4.1
467.36145 6.0
471.52771 4.7
474.26556 3.0
475.97217 7.5
479.47742 45.5
480.29962 4.6
482.86859 2.6
484.37201 8.8
485.99261 3.7
487.50598 49.2
491.83258 10.5
492.74249 7.3
493.43628 3.7
502.98236 4.1
506.35754 11.2
510.03400 7.7
513.42426 1.9
514.56525 7.3
515.47430 4.9
519.26996 7.5
525.17548 3.4
526.46692 10.3
527.66827 42.1
529.22314 2.6
531.56696 4.2
532.66602 24.2
533.53271 2.1
534.65021 3.7
536.98792 16.1
538.47260 2.8
540.35962 8.0
541.62109 120.5
542.39850 2.7
543.12085 4.3
544.99237 6.8
545.64978 3.4
547.09747 9.0
553.35211 7.0
558.86481 8.8
562.93561 5.4
572.43420 31.4
576.54547 6.5
581.42059 1.9
584.11542 23.0
584.97699 6.0
589.67114 10.9
590.64636 14.7
591.57971 10.7
594.15802 4.8
595.15424 3.9
599.12903 27.8
599.97430 8.8
600.95001 3.6
601.56458 9.9
607.50409 7.5
611.07294 3.7
612.38971 2.4
614.16846 29.7
615.04535 2.0
616.25262 17.1
617.35541 47.9
618.39185 8.3
619.54156 8.2
621.53705 17.2
622.74982 18.3
624.12292 12.2
624.94360 7.6
627.25739 12.1
628.49750 8.5
635.49603 9.8
639.30304 3.9
640.44299 4.7
642.11145 228.6
643.02991 39.8
645.42743 5.2
647.12933 32.1
647.79364 3.7
648.82758 13.0
649.48914 4.9
651.66193 40.6
654.46185 14.9
655.70221 90.9
656.30292 118.6
657.35736 9.2
658.14014 4.7
659.53973 4.5
660.97333 3.5
663.79816 77.2
664.69397 2.6
667.57050 4.1
669.26996 9.9
670.23944 4.1
671.68408 20.0
673.48315 52.5
675.43353 197.4
676.12061 104.4
677.61761 83.9
678.40790 11.6
680.33966 227.4
681.95630 7.5
682.93628 2.4
684.40656 57.6
685.02106 100.9
685.76306 4.7
686.43011 2.1
689.94794 2.4
691.74335 12.6
694.85223 9.5
695.57953 4.2
697.87616 23.5
700.68042 4.3
704.13062 3.4
705.54553 6.4
706.97784 118.9
707.83044 7.4
708.82776 7.2
710.37262 8.5
711.73999 28.7
713.73737 2.6
716.14313 2.1
718.16370 12.9
720.93231 14.4
721.59729 11.0
722.51642 9.0
723.85187 13.7
725.72931 9.0
727.07550 87.6
727.79950 3.5
728.56213 94.9
729.52350 24.5
730.99170 30.1
732.85315 146.4
734.70935 361.1
735.63934 61.2
737.35150 602.0
738.57697 22.9
739.53119 13.1
745.39282 3.9
746.54291 4.3
756.41681 5.2
758.50891 22.2
759.45160 4.3
760.47101 2.3
764.19440 71.0
765.20905 12.1
770.41302 255.1
771.05878 31.2
776.59399 7.3
778.52069 6.9
781.76801 5.2
782.94867 5.4
784.99597 111.5
785.82843 111.6
787.96173 7.7
790.68060 10.2
791.94019 23.9
792.55463 4.3
796.83209 14.0
797.89313 32.6
798.65161 11.8
800.83960 7.4
802.26562 24.2
803.00012 10.7
804.40607 190.6
805.18457 5.7
807.61578 8.2
811.07587 21.5
812.21790 2.4
814.71173 14.8
817.47589 3.0
818.87445 3.0
820.04822 9.1
822.61304 9.7
828.67371 146.1
829.67133 45.4
832.49115 19.9
835.63989 42.5
836.79596 17.7
837.86285 10.0
841.66492 155.4
842.30634 53.4
844.46307 10.8
845.57971 6.9
846.42816 5.4
849.90637 41.6
850.64978 33.3
851.76740 3.2
853.72198 2.3
854.65765 3.7
857.44165 5.6
859.85004 4.1
862.21539 280.8
863.10675 3.1
864.01508 2.4
868.07806 430.3
868.79303 140.0
869.58136 4.2
871.61633 16.3
874.27069 5426.9
875.08813 111.3
876.00372 4.7
876.67560 3.4
877.52673 2.4
878.74652 9.0
880.63428 10.8
883.37030 11.7
884.37274 46.4
885.09906 2.7
886.87866 10.2
889.81818 8.8
890.55688 5.0
891.55536 5.4
892.20087 9.3
893.14062 111.1
893.83350 103.4
895.09515 41.1
897.74237 20.1
900.71649 601.9
901.69366 11.6
903.98053 2.2
906.56616 1200.0
907.34576 58.8
912.57910 10180.6
913.79761 41.0
914.63281 9.1
915.57178 12.8
916.56610 19.6
917.66962 25.3
919.59747 6.9
923.83771 3.2
926.89801 7.3
929.59326 1.7
931.29028 3.4
932.52441 27.3
933.31567 20.8
934.32037 13.8
935.39813 2.4
938.41943 17.4
939.80518 34.9
940.45966 4.2
941.45239 8.4
942.07837 20.6
943.34442 5.7
945.54565 309.6
946.30151 23.9
947.31622 3.1
948.85724 137.7
950.75189 514.4
951.65765 53.7
952.58398 12.4
957.60638 14.6
958.76099 3.0
959.70441 3.2
961.83575 25.1
964.51709 7.7
965.65875 12.9
966.81177 2.4
978.77008 6.7
981.81097 2.2
982.46881 22.1
983.74127 3.2
984.55585 12.2
987.20093 3.7
994.42218 2.4
996.43622 2.6
999.10126 7.6
1001.91522 2.6
1003.01221 8.6
1003.85938 14.7
1007.06696 45.8
1007.67157 48.0
1008.35614 6.4
1012.21039 36.7
1013.07568 16.2
1015.33917 2.4
1030.18262 3.7
1033.48804 3.0
1037.55420 5.5
1049.68640 2.8
1050.53613 6.0
1051.37500 8.8
1052.61072 3.4
1053.86780 3.4
1058.21887 72.0
1058.87146 4.1
1059.67798 3.1
1060.31323 23.3
1065.81128 7.0
1069.75256 13.3
1070.55823 12.3
1072.91455 10.8
1074.76721 6.5
1079.68604 5.6
1080.78149 4.9
1081.71423 4.9
1082.65283 5.6
1083.96484 3.4
1084.64954 3.5
1087.14746 3.9
1088.54321 3.5
1096.27246 3.0
1100.64905 4.2
1110.52258 2.4
1117.28076 3.0
1121.81616 8.9
1126.35291 21.4
1128.86670 5.6
1132.41968 3.9
1135.22644 9.5
1138.58765 2.8
1139.92432 2.6
1145.41272 3.9
1153.87927 8.2
1154.64575 11.7
1155.55811 35.2
1156.34326 5.4
1166.59473 2.8
1167.83826 2.8
1168.63086 3.4
1174.42822 2.8
1178.42261 4.1
1179.55701 5.0
1183.17236 8.2
1185.64062 3.7
1186.34180 3.0
1192.94873 22.2
1193.76001 9.7
1196.78271 5.2
1200.64502 3.9
1205.48401 28.8
1206.46936 6.9
1208.85120 17.2
1216.77002 3.2
1238.00525 6.7
1241.12341 5.0
1246.17908 11.5
1247.54626 3.9
1248.48035 1.7
1257.86511 4.1
1265.70923 54.4
1266.60242 38.6
1267.38086 11.3
1268.47351 4.7
1282.74915 30.0
1283.85669 13.8
1295.25806 18.9
1296.82117 2.8
1305.89819 5.5
1315.38733 4.1
1326.55994 13.3
1327.89258 1.7
1353.78406 3.9
1366.48743 3.0
1382.64294 10.7
1398.39062 4.1
1412.81873 15.2
1413.55334 5.0
1414.37817 3.4
1417.87952 2.8
1453.04004 9.0
1453.85474 9.9
1619.58142 3.0
1663.31177 6.6
1665.00842 3.0
1666.04517 6.0
1778.92603 3.2
1875.21301 1.9
1990.75525 7.8
END IONS

BEGIN IONS
TITLE=1.2746.2746.2
CHARGE=2+
PEPMASS=1057.507324 753791.000000
305.48444 1.9
312.21552 1.9
315.35794 2.8
326.98001 4.5
330.09915 3.0
340.50650 2.2
343.17395 3.7
352.49039 3.7
353.33865 5.3
360.33319 4.5
363.45639 5.6
371.46024 10.3
372.51004 7.3
375.23859 5.6
376.23788 2.6
379.28491 2.1
380.24957 1.9
389.27625 5.8
391.30203 3.6
393.16989 2.2
393.97656 4.1
396.20276 3.9
398.48785 5.4
409.34381 13.4
410.06998 1.7
411.22089 1.9
413.40115 5.8
423.29379 2.6
425.72168 2.8
430.45685 3.6
441.54849 2.8
442.27661 2.8
444.36005 2.6
451.79050 3.6
461.37280 1.7
467.10199 3.4
469.11194 1.9
471.27859 3.7
475.47949 3.2
478.40497 4.5
481.50470 3.6
483.44452 3.2
484.14413 3.7
486.49899 15.7
487.34308 13.3
488.46173 10.2
489.44427 8.1
490.48248 1.5
493.28796 3.9
494.42953 4.8
503.36624 5.8
504.28949 7.5
505.31610 3.2
506.27780 5.1
510.22223 2.6
511.55554 2.6
514.26270 3.1
516.31891 3.4
520.11505 3.6
521.62854 3.0
524.18976 10.2
527.48779 1.9
528.39978 3.0
533.19238 8.0
534.29553 2.1
535.40942 8.2
536.45624 5.3
538.38116 24.9
539.43481 8.4
540.67798 2.6
546.55219 2.6
547.43591 5.4
551.84583 2.8
553.35840 2.6
556.38263 1.7
564.58417 3.0
570.58459 2.8
571.51843 2.6
572.52100 4.1
574.58447 1.9
578.45062 4.1
581.43127 5.6
584.57849 3.0
589.38879 6.0
594.36279 2.4
595.25739 1.9
596.51965 3.0
600.73755 2.8
601.48712 3.2
607.47058 13.2
608.34137 4.2
614.34717 3.9
615.56775 1.5
616.61108 4.7
617.46741 20.8
618.47150 18.7
619.45044 11.8
621.21448 3.2
623.39075 4.3
624.57489 5.2
625.60107 3.2
626.32623 4.1
628.64667 5.8
634.57599 5.8
635.54254 19.1
636.55316 18.1
637.42993 10.9
641.27289 2.4
642.58246 3.0
644.23993 3.7
648.50153 6.6
650.45862 8.6
651.40369 4.5
652.33704 6.4
653.58813 11.0
654.25684 3.9
656.29291 4.5
663.99829 2.8
665.46051 2.6
666.93103 10.0
668.67090 2.4
669.44489 28.6
670.79401 5.6
671.47498 9.8
682.63074 3.0
683.24084 1.7
684.21545 4.5
685.46533 216.1
686.50299 246.8
687.55591 84.6
688.58411 34.3
691.30347 3.0
694.58594 13.8
699.65601 2.6
704.73590 1.9
707.85486 12.1
709.54596 1.9
710.32196 17.0
711.28534 17.0
712.62634 2.4
715.20123 5.0
716.42358 2.8
723.38550 2.1
724.28174 2.1
726.80487 8.1
727.62646 9.7
728.35822 3.0
729.43573 25.4
730.29358 5.6
731.30347 3.7
734.33820 4.1
738.64471 5.4
742.46112 9.5
743.32306 2.8
744.59186 8.9
745.30383 2.6
746.13464 1.7
747.47437 3.0
751.80212 2.6
754.43988 3.7
755.50250 3.4
762.52130 2.6
763.31158 6.7
765.40997 2.8
770.37152 3.7
771.44257 9.5
772.18591 1.9
776.26312 2.6
779.54993 13.2
780.52991 11.6
781.49744 26.4
782.57324 10.3
783.59857 18.7
791.78418 3.2
797.53577 32.0
798.51807 42.8
799.59204 42.0
800.55005 33.6
801.62793 19.3
806.32385 7.3
807.42969 2.8
809.54333 4.9
811.46814 3.2
812.65930 5.4
813.78528 57.6
814.60217 39.3
815.44507 17.2
816.69385 22.5
817.92773 3.7
819.64185 2.6
821.58521 5.3
822.87769 3.7
826.65247 4.7
829.57605 5.2
837.60962 2.8
838.60938 5.4
839.50330 13.0
840.35754 6.9
842.46851 3.6
854.62927 6.0
855.52087 8.1
856.15503 4.3
856.87305 8.8
857.55225 27.5
858.49670 26.2
859.62744 4.9
865.19348 3.2
871.67871 3.5
872.33801 4.7
873.20947 3.7
874.24377 3.4
885.01343 4.6
885.66858 7.6
890.53479 8.2
896.29871 3.4
901.56836 2.4
902.22571 3.4
904.25537 3.7
906.71704 4.9
912.86035 6.7
921.74866 1.9
929.06921 11.4
929.71619 18.3
935.90613 2.8
938.62622 3.6
939.39197 2.6
944.06104 4.5
952.39478 2.4
954.46497 5.2
957.66492 4.3
958.46924 2.4
967.73010 15.7
968.44556 2.0
970.31055 5.6
971.49426 2.1
972.38281 11.2
973.47803 17.8
974.55945 7.1
975.53540 2.4
980.76917 5.4
981.63013 15.8
982.53796 5.6
983.63452 14.2
984.71912 11.0
985.45178 11.0
986.55078 17.6
987.44556 10.9
988.89417 33.5
989.79761 31.0
990.64648 17.9
991.56104 24.4
992.62793 8.4
995.14905 68.3
996.07227 5.3
998.48083 390.7
999.61865 747.0
1000.58667 526.4
1001.52515 346.8
1002.60693 65.9
1003.58850 80.1
1004.73828 26.7
1009.33521 3.9
1011.00000 3.9
1013.01965 2.4
1019.31165 3.7
1020.55298 7.8
1022.60767 6.0
1024.40369 4.7
1025.61194 10.4
1026.63037 2.3
1027.30273 2.6
1028.28979 2.3
1030.57349 5.5
1031.66016 3.7
1032.71484 5.2
1036.83606 3.9
1038.35925 7.6
1041.14563 26.2
1041.80469 46.5
1044.28369 4.3
1045.91089 3.0
1047.63062 7.3
1049.95251 55.3
1050.58667 64.6
1051.22339 23.8
1074.47607 2.2
1085.76318 2.8
1088.83484 1.7
1090.51501 1.9
1092.51343 2.4
1095.63770 2.8
1096.81555 5.8
1098.06018 24.0
1098.72302 9.8
1099.69165 19.1
1100.60559 41.4
1101.64502 57.9
1102.47180 13.3
1103.49634 12.3
1109.94507 5.9
1110.88257 3.5
1111.70007 4.5
1113.48755 50.9
1114.55688 78.0
1115.56909 95.6
1116.52734 132.4
1117.57776 299.2
1118.55835 348.1
1119.58606 256.6
1120.47314 48.3
1121.76318 10.2
1123.30017 5.4
1126.74719 32.9
1127.66870 73.1
1128.66748 80.7
1129.77747 54.6
1130.76172 14.0
1131.72485 2.1
1152.60596 3.2
1170.83850 3.0
1185.05493 2.4
1217.83252 6.8
1225.80518 4.1
1226.54883 2.6
1227.62305 4.1
1233.82129 3.0
1241.68579 16.3
1242.65027 4.3
1243.74121 6.0
1245.03076 3.7
1247.74548 8.1
1253.83740 6.0
1260.74695 13.6
1261.66626 23.9
1262.66260 32.8
1263.50232 28.4
1284.62476 1.7
1285.51416 6.0
1287.31982 3.2
1294.14636 4.0
1301.91895 13.5
1302.65527 7.1
1303.63062 19.3
1304.49597 11.7
1310.65955 3.9
1317.52380 58.5
1318.58582 137.8
1319.65125 188.5
1320.68567 146.2
1321.77026 21.6
1329.07190 2.6
1343.33167 3.7
1369.43884 2.4
1385.92822 3.0
1387.77380 3.2
1390.70044 2.6
1395.33533 1.7
1398.89172 1.8
1412.63513 5.2
1413.33533 5.4
1414.75598 11.0
1415.94006 6.4
1422.88733 2.8
1428.43701 5.4
1429.50671 12.3
1430.67590 48.8
1431.66846 134.2
1432.70642 118.4
1433.71851 38.3
1437.11084 3.2
1445.50928 3.9
1446.69812 3.9
1447.50659 14.2
1448.73889 20.0
1449.76257 11.2
1450.70117 4.5
1462.79895 4.5
1464.65442 5.4
1479.01404 5.6
1481.43005 81.0
1482.62451 157.2
1483.65100 123.4
1484.75098 32.7
1485.90283 11.6
1497.96716 2.3
1500.31750 3.2
1526.04309 2.6
1550.26184 2.8
1552.01855 4.9
1562.11597 2.1
1577.52771 11.8
1578.60059 23.0
1579.99426 9.9
1580.92419 6.5
1593.69714 5.2
1611.13831 10.3
1611.87488 3.2
1612.92078 6.7
1613.79309 14.8
1614.82104 40.8
1615.86096 8.1
1618.06958 4.0
1620.71875 2.2
1637.90100 8.0
1647.65015 4.7
1666.95581 3.2
1668.00122 3.2
1673.61462 2.4
1688.42957 3.2
1701.09009 3.9
1711.72534 2.0
1726.83704 6.6
1728.10278 70.1
1729.11365 45.1
1729.94934 12.2
1730.92493 5.2
1738.83472 4.7
1743.60132 3.2
1746.03748 2.2
1779.51990 2.4
1796.44006 4.7
1807.94800 2.8
1811.33411 1.9
1823.60779 3.9
1829.91858 6.2
1830.73718 1.9
1841.46643 11.4
1842.35669 6.6
1844.01196 3.2
1926.11609 2.6
1927.04968 1.9
1940.06262 4.6
1941.21118 4.3
1942.68958 62.6
1943.77808 15.8
1944.83228 2.6
1988.25623 13.3
1989.12134 8.7
1989.79993 6.7
1998.94543 2.6
END IONS

-----------------------------117983339220455289611819249521
Content-Disposition: form-data; name="FORMAT"

Mascot generic
-----------------------------117983339220455289611819249521
Content-Disposition: form-data; name="PRECURSOR"


-----------------------------117983339220455289611819249521
Content-Disposition: form-data; name="INSTRUMENT"

ESI-TRAP
-----------------------------117983339220455289611819249521
Content-Disposition: form-data; name="DECOY"

1
-----------------------------117983339220455289611819249521
Content-Disposition: form-data; name="REPORT"

AUTO
-----------------------------117983339220455289611819249521--
